00099 00099 00099 00099 00099 00099 00099 00099 00099 00099 00099 00099 00099 00099 00099 00099 00099 00099 00099 00099 00099 00099 00099 00099 00099 00099 00099 00099 00099 00099 00099 00099 00099 00099 00099 00099 00099 00099 00099 00099 00099 00099 00099 00099 00099 00099 00099 00099 
00099 00099 00099 00099 00099 00099 00099 00099 03299 03299 03299 03299 03299 03299 03299 03299 03299 03299 03399 00099 00099 00099 00099 00099 00099 00099 00099 00099 00099 00099 00099 00099 00099 00099 00099 00099 00099 00099 00099 00099 00099 00099 00099 00099 00099 00099 00099 00099 
00099 00099 00099 00099 00099 00099 48009 00099 03199 00099 00099 00099 00099 00099 00099 00099 00099 00099 03399 00099 00099 00099 00099 00099 00099 00099 00099 00099 00099 00099 00099 00099 00099 00099 00099 00099 00099 00099 00099 00099 00099 00099 00099 00099 00099 00099 00099 00099 
00099 00099 00099 00099 00099 00099 00099 00099 03199 00099 00099 00099 00099 00099 00099 00099 00099 00099 03399 00099 00099 00099 00099 00099 00099 00099 00099 00099 00099 00099 00099 00099 00099 00099 00099 00099 00099 00099 00099 00099 00099 00099 00099 00099 00099 00099 00099 00099 
00099 00099 00099 03199 00099 00099 00099 00099 03199 00099 00099 00099 00099 00099 00099 00099 00099 00099 03399 00099 00099 00099 00099 00099 00099 00099 00099 00099 00099 00099 00099 00099 00099 00099 00099 00099 00099 00099 00099 00099 00099 00099 00099 00099 00099 00099 00099 00099 
00099 00099 00099 03199 00099 00099 00099 00099 00099 00099 00099 00099 00099 00099 00099 00099 00099 00099 03399 00099 00099 00099 00099 00099 00099 00099 00099 00099 00099 00099 00099 00099 00099 00099 00099 00099 00099 00099 00099 00099 00099 00099 00099 00099 00099 00099 00099 00099 
48005 00099 00099 00099 00099 00099 48000 00099 00099 00099 48001 00099 02099 00099 00099 00099 00099 00099 03399 00099 00099 00099 00099 00099 00099 00099 00099 00099 00099 00099 00099 00099 00099 00099 00099 00099 00099 00099 00099 00099 00099 00099 00099 00099 00099 00099 00099 00099 
00099 00099 00099 03199 03099 03099 03099 03099 03099 03099 00099 00099 00099 00099 00099 00099 00099 00099 03399 00099 00099 00099 00099 00099 00099 00099 00099 00099 00099 00099 00099 00099 00099 00099 00099 00099 00099 00099 00099 00099 00099 00099 00099 00099 00099 00099 00099 00099 
00099 00099 00099 03199 00099 00099 00099 00099 00099 00099 00099 00099 00099 00099 02099 00099 00099 00099 03399 00099 00099 00099 00099 00099 00099 00099 00099 00099 00099 00099 00099 00099 00099 00099 00099 00099 00099 00099 00099 00099 00099 00099 00099 00099 00099 00099 00099 00099 
00099 00099 00099 03199 00099 00099 00099 00099 00099 00099 00099 00099 00099 00099 00099 00099 00099 00099 03399 00099 00099 00099 00099 00099 00099 00099 00099 00099 00099 00099 00099 00099 00099 00099 00099 00099 00099 00099 00099 00099 00099 00099 00099 00099 00099 00099 00099 00099 
00099 00099 00099 00099 00099 00099 00099 00099 00099 00099 00099 00099 02099 02099 00099 00099 00099 00099 00099 00099 00099 00099 00099 00099 00099 00099 00099 00099 00099 00099 00099 00099 00099 00099 00099 00099 00099 00099 00099 00099 00099 00099 00099 00099 00099 00099 00099 00099 
48006 00099 00099 00099 00099 00099 00099 00099 00099 00099 48002 00099 00099 00099 00099 00099 00099 00099 48004 00099 00099 00099 00099 00099 00099 00099 00099 00099 00099 00099 00099 00099 00099 00099 00099 00099 00099 00099 00099 00099 00099 00099 00099 00099 00099 00099 00099 00099 
00099 00099 00099 03099 03099 03099 03099 03099 03099 03099 03099 03099 03099 03099 03099 03099 03099 03099 03399 00099 00099 00099 00099 00099 00099 00099 00099 00099 00099 00099 00099 00099 00099 00099 00099 00099 00099 00099 00099 00099 00099 00099 00099 00099 00099 00099 00099 00099 
00099 00099 00099 00099 00099 00099 00099 00099 00099 00099 00099 00099 00099 00099 00099 00099 00099 00099 00099 00099 00099 00099 00099 00099 00099 00099 00099 00099 00099 00099 00099 00099 00099 00099 00099 00099 00099 00099 00099 00099 00099 00099 00099 00099 00099 00099 00099 00099 
00099 00099 00099 00099 00099 00099 00099 00099 00099 00099 00099 00099 00099 00099 00099 00099 00099 00099 00099 00099 00099 00099 00099 00099 00099 00099 00099 00099 00099 00099 00099 00099 00099 00099 00099 00099 00099 00099 00099 00099 00099 00099 00099 00099 00099 00099 00099 00099 
00099 00099 00099 00099 00099 00099 00099 00099 00099 00099 00099 00099 00099 00099 00099 00099 00099 00099 00099 00099 00099 00099 00099 00099 00099 00099 00099 00099 00099 00099 00099 00099 00099 00099 00099 00099 00099 00099 00099 00099 00099 00099 00099 00099 00099 00099 00099 00099 
00099 00099 00099 00099 00099 00099 00099 00099 00099 00099 00099 00099 00099 00099 00099 00099 00099 00099 00099 00099 00099 00099 00099 00099 00099 00099 00099 00099 00099 00099 00099 00099 00099 00099 00099 00099 00099 00099 00099 00099 00099 00099 00099 00099 00099 00099 00099 00099 
00099 00099 00099 00099 00099 00099 00099 00099 00099 00099 00099 00099 00099 00099 00099 00099 00099 00099 00099 00099 00099 00099 00099 00099 00099 00099 00099 00099 00099 00099 00099 00099 00099 00099 00099 00099 00099 00099 00099 00099 00099 00099 00099 00099 00099 00099 00099 00099 
00099 00099 00099 00099 00099 00099 00099 00099 00099 00099 00099 00099 00099 00099 00099 00099 00099 00099 00099 00099 00099 00099 00099 00099 00099 00099 00099 00099 00099 00099 00099 00099 00099 00099 00099 00099 00099 00099 00099 00099 00099 00099 00099 00099 00099 00099 00099 00099 
00099 00099 00099 00099 00099 00099 00099 00099 00099 00099 00099 00099 00099 00099 00099 00099 00099 00099 00099 00099 00099 00099 00099 00099 00099 00099 00099 00099 00099 00099 00099 00099 00099 00099 00099 00099 00099 00099 00099 00099 00099 00099 00099 00099 00099 00099 00099 00099 
00099 00099 00099 00099 00099 00099 00099 00099 00099 00099 00099 00099 00099 00099 00099 00099 00099 00099 00099 00099 00099 00099 00099 00099 00099 00099 00099 00099 00099 00099 00099 00099 00099 00099 00099 00099 00099 00099 00099 00099 00099 00099 00099 00099 00099 00099 00099 00099 
00099 00099 00099 00099 00099 00099 00099 00099 00099 00099 00099 00099 00099 00099 00099 00099 00099 00099 00099 00099 00099 00099 00099 00099 00099 00099 00099 00099 00099 00099 00099 00099 00099 00099 00099 00099 00099 00099 00099 00099 00099 00099 00099 00099 00099 00099 00099 00099 
00099 00099 00099 00099 00099 00099 00099 00099 00099 00099 00099 00099 00099 00099 00099 00099 00099 00099 00099 00099 00099 00099 00099 00099 00099 00099 00099 00099 00099 00099 00099 00099 00099 00099 00099 00099 00099 00099 00099 00099 00099 00099 00099 00099 00099 00099 00099 00099 
00099 00099 00099 00099 00099 00099 00099 00099 00099 00099 00099 00099 00099 00099 00099 00099 00099 00099 00099 00099 00099 00099 00099 00099 00099 00099 00099 00099 00099 00099 00099 00099 00099 00099 00099 00099 00099 00099 00099 00099 00099 00099 00099 00099 00099 00099 00099 00099 
00099 00099 00099 00099 00099 00099 00099 00099 00099 00099 00099 00099 00099 00099 00099 00099 00099 00099 00099 00099 00099 00099 00099 00099 00099 00099 00099 00099 00099 00099 00099 00099 00099 00099 00099 00099 00099 00099 00099 00099 00099 00099 00099 00099 00099 00099 00099 00099 
00099 00099 00099 00099 00099 00099 00099 00099 00099 00099 00099 00099 00099 00099 00099 00099 00099 00099 00099 00099 00099 00099 00099 00099 00099 00099 00099 00099 00099 00099 00099 00099 00099 00099 00099 00099 00099 00099 00099 00099 00099 00099 00099 00099 00099 00099 00099 00099 
00099 00099 00099 00099 00099 00099 00099 00099 00099 00099 00099 00099 00099 00099 00099 00099 00099 00099 00099 00099 00099 00099 00099 00099 00099 00099 00099 00099 00099 00099 00099 00099 00099 00099 00099 00099 00099 00099 00099 00099 00099 00099 00099 00099 00099 00099 00099 00099 
00099 00099 00099 00099 00099 00099 00099 00099 00099 00099 00099 00099 00099 00099 00099 00099 00099 00099 00099 00099 00099 00099 00099 00099 00099 00099 00099 00099 00099 00099 00099 00099 00099 00099 00099 00099 00099 00099 00099 00099 00099 00099 00099 00099 00099 00099 00099 00099 
00099 00099 00099 00099 00099 00099 00099 00099 00099 00099 00099 00099 00099 00099 00099 00099 00099 00099 00099 00099 00099 00099 00099 00099 00099 00099 00099 00099 00099 00099 00099 00099 00099 00099 00099 00099 00099 00099 00099 00099 00099 00099 00099 00099 00099 00099 00099 00099 
00099 00099 00099 00099 00099 00099 00099 00099 00099 00099 00099 00099 00099 00099 00099 00099 00099 00099 00099 00099 00099 00099 00099 00099 00099 00099 00099 00099 00099 00099 00099 00099 00099 00099 00099 00099 00099 00099 00099 00099 00099 00099 00099 00099 00099 00099 00099 00099 
00099 00099 00099 00099 00099 00099 00099 00099 00099 00099 00099 00099 00099 00099 00099 00099 00099 00099 00099 00099 00099 00099 00099 00099 00099 00099 00099 00099 00099 00099 00099 00099 00099 00099 00099 00099 00099 00099 00099 00099 00099 00099 00099 00099 00099 00099 00099 00099 
00099 00099 00099 00099 00099 00099 00099 00099 00099 00099 00099 00099 00099 00099 00099 00099 00099 00099 00099 00099 00099 00099 00099 00099 00099 00099 00099 00099 00099 00099 00099 00099 00099 00099 00099 00099 00099 00099 00099 00099 00099 00099 00099 00099 00099 00099 00099 00099 
00099 00099 00099 00099 00099 00099 00099 00099 00099 00099 00099 00099 00099 00099 00099 00099 00099 00099 00099 00099 00099 00099 00099 00099 00099 00099 00099 00099 00099 00099 00099 00099 00099 00099 00099 00099 00099 00099 00099 00099 00099 00099 00099 00099 00099 00099 00099 00099 
00099 00099 00099 00099 00099 00099 00099 00099 00099 00099 00099 00099 00099 00099 00099 00099 00099 00099 00099 00099 00099 00099 00099 00099 00099 00099 00099 00099 00099 00099 00099 00099 00099 00099 00099 00099 00099 00099 00099 00099 00099 00099 00099 00099 00099 00099 00099 00099 
00099 00099 00099 00099 00099 00099 00099 00099 00099 00099 00099 00099 00099 00099 00099 00099 00099 00099 00099 00099 00099 00099 00099 00099 00099 00099 00099 00099 00099 00099 00099 00099 00099 00099 00099 00099 00099 00099 00099 00099 00099 00099 00099 00099 00099 00099 00099 00099 
00099 00099 00099 00099 00099 00099 00099 00099 00099 00099 00099 00099 00099 00099 00099 00099 00099 00099 00099 00099 00099 00099 00099 00099 00099 00099 00099 00099 00099 00099 00099 00099 00099 00099 00099 00099 00099 00099 00099 00099 00099 00099 00099 00099 00099 00099 00099 00099 
00099 00099 00099 00099 00099 00099 00099 00099 00099 00099 00099 00099 00099 00099 00099 00099 00099 00099 00099 00099 00099 00099 00099 00099 00099 00099 00099 00099 00099 00099 00099 00099 00099 00099 00099 00099 00099 00099 00099 00099 00099 00099 00099 00099 00099 00099 00099 00099 
00099 00099 00099 00099 00099 00099 00099 00099 00099 00099 00099 00099 00099 00099 00099 00099 00099 00099 00099 00099 00099 00099 00099 00099 00099 00099 00099 00099 00099 00099 00099 00099 00099 00099 00099 00099 00099 00099 00099 00099 00099 00099 00099 00099 00099 00099 00099 00099 
00099 00099 00099 00099 00099 00099 00099 00099 00099 00099 00099 00099 00099 00099 00099 00099 00099 00099 00099 00099 00099 00099 00099 00099 00099 00099 00099 00099 00099 00099 00099 00099 00099 00099 00099 00099 00099 00099 00099 00099 00099 00099 00099 00099 00099 00099 00099 00099 
00099 00099 00099 00099 00099 00099 00099 00099 00099 00099 00099 00099 00099 00099 00099 00099 00099 00099 00099 00099 00099 00099 00099 00099 00099 00099 00099 00099 00099 00099 00099 00099 00099 00099 00099 00099 00099 00099 00099 00099 00099 00099 00099 00099 00099 00099 00099 00099 
00099 00099 00099 00099 00099 00099 00099 00099 00099 00099 00099 00099 00099 00099 00099 00099 00099 00099 00099 00099 00099 00099 00099 00099 00099 00099 00099 00099 00099 00099 00099 00099 00099 00099 00099 00099 00099 00099 00099 00099 00099 00099 00099 00099 00099 00099 00099 00099 
00099 00099 00099 00099 00099 00099 00099 00099 00099 00099 00099 00099 00099 00099 00099 00099 00099 00099 00099 00099 00099 00099 00099 00099 00099 00099 00099 00099 00099 00099 00099 00099 00099 00099 00099 00099 00099 00099 00099 00099 00099 00099 00099 00099 00099 00099 00099 00099 
00099 00099 00099 00099 00099 00099 00099 00099 00099 00099 00099 00099 00099 00099 00099 00099 00099 00099 00099 00099 00099 00099 00099 00099 00099 00099 00099 00099 00099 00099 00099 00099 00099 00099 00099 00099 00099 00099 00099 00099 00099 00099 00099 00099 00099 00099 00099 00099 
00099 00099 00099 00099 00099 00099 00099 00099 00099 00099 00099 00099 00099 00099 00099 00099 00099 00099 00099 00099 00099 00099 00099 00099 00099 00099 00099 00099 00099 00099 00099 00099 00099 00099 00099 00099 00099 00099 00099 00099 00099 00099 00099 00099 00099 00099 00099 00099 
00099 00099 00099 00099 00099 00099 00099 00099 00099 00099 00099 00099 00099 00099 00099 00099 00099 00099 00099 00099 00099 00099 00099 00099 00099 00099 00099 00099 00099 00099 00099 00099 00099 00099 00099 00099 00099 00099 00099 00099 00099 00099 00099 00099 00099 00099 00099 00099 
00099 00099 00099 00099 00099 00099 00099 00099 00099 00099 00099 00099 00099 00099 00099 00099 00099 00099 00099 00099 00099 00099 00099 00099 00099 00099 00099 00099 00099 00099 00099 00099 00099 00099 00099 00099 00099 00099 00099 00099 00099 00099 00099 00099 00099 00099 00099 00099 
00099 00099 00099 00099 00099 00099 00099 00099 00099 00099 00099 00099 00099 00099 00099 00099 00099 00099 00099 00099 00099 00099 00099 00099 00099 00099 00099 00099 00099 00099 00099 00099 00099 00099 00099 00099 00099 00099 00099 00099 00099 00099 00099 00099 00099 00099 00099 00099 
00099 00099 00099 00099 00099 00099 00099 00099 00099 00099 00099 00099 00099 00099 00099 00099 00099 00099 00099 00099 00099 00099 00099 00099 00099 00099 00099 00099 00099 00099 00099 00099 00099 00099 00099 00099 00099 00099 00099 00099 00099 00099 00099 00099 00099 00099 00099 00099 
